; (target frametime x y z yaw pitch)
( camera ( key 1 )
	( total 8 )
	( loop  7 )
	( target 2 -5154.16 2046.51 -2848.26 199.57 48.12 )
	( target 4 -5022.83 1866.42 -3085.79 245.98 40.10 )
	( target 4 -5122.71 1714.83 -3279.70 296.97 25.78 )
	( target 4 -5268.19 1620.20 -3274.12 350.83 -7.44 )
	( target 3 -5281.13 1621.54 -3229.29 362.29 -16.61 )
	( target 3 -5278.67 1626.14 -3217.51 355.41 -18.33 )
	( target 2 -5275.75 1626.67 -3223.07 349.11 -9.16 )
	( target 5 -5275.75 1626.67 -3223.07 349.11 -9.16 )
)

( camera ( key 2 )
	( total 3 )
	( loop  1 )
	( target 1 -4893.90 1625.83 -4107.06 5.91 -52.13 )
	( target 4 -4893.12 1625.72 -4107.76 0 -49.84 )
	( target 4 -4893.90 1625.83 -4107.06 5.91 -52.13 )
)

( camera ( key 3 )
	( total 2 )
	( loop  1 )
	( target 1 -5280.49 1624.02 -3233.54 -4.02 -10.88 )
	( target 4 -5280.49 1624.02 -3233.54 -4.02 -10.88 )
)

( camera ( key 4 )
	( total 2 )
	( loop  1 )
	( target 1 -5309.87 1632.78 -3165.53 20.05 -12.03 )
	( target 5 -5309.87 1632.78 -3165.53 20.05 -12.03 )
)

( camera ( key 5 )
	( total 2 )
	( loop  1 )
	( target 1 -5684.34 1639.36 -5038.22 139.80 1.14 )
	( target 5 -5684.34 1639.36 -5038.22 139.80 1.14 )
)

( camera ( key 6 )
	( total 2 )
	( loop  1 )
	( target 1 -5667.97 1649.16 -5142.26 9.74 10.88 )
	( target 5 -5667.97 1649.16 -5142.26 9.74 10.88 )
)

( camera ( key 7 )
	( total 2 )
	( loop  1 )
	( target 1 3495.82 1637.29 -248.62 322.97 -3.05 )
	( target 5 3495.82 1637.29 -248.62 322.97 -3.05 )
)

( camera ( key 8 )
	( total 2 )
	( loop  1 )
	( target 1 3402.95 1644.29 -152.17 68.40 -16.23 )
	( target 5 3402.95 1644.29 -152.17 68.40 -16.23 )
)

( camera ( key 9 )
	( total 2 )
	( loop  1 )
	( target 1 3458.62 1657.88 -99.80 216.97 6.68 )
	( target 5 3458.62 1657.88 -99.80 216.97 6.68 )
)

( camera ( key 10 )
	( total 11 )
	( loop  10 )
	( target 1 3933.20 2356.70 22630.08 314.53 2.67 )
	( target 2 3546.65 2331.35 23010.42 314.53 2.67 )
	( target 1.2 3382.78 2520.24 23171.66 314.53 15.42 )
	( target 1 3257.39 2701.00 23295.05 314.53 33.61 )
	( target 1 3097.99 2741.13 23451.90 314.53 48.51 )
	( target 1 3108.99 2544.75 23441.07 314.53 31.89 )
	( target 1 3051.30 2405.71 23497.84 314.53 19.86 )
	( target 1.5 2928.58 2307.74 23618.60 314.53 8.40 )
	( target 0.5 2880.41 2286.66 23665.99 314.53 2.10 )
	( target 0.5 2854.32 2301.98 23693.40 313.39 16.99 )
	( target 4 2854.32 2301.98 23693.40 313.39 16.99 )
)

( camera ( key 11 )
	( total 2 )
	( loop  1 )
	( target 1 2801.83 2289.36 23727.64 318.74 15.46 )
	( target 2 2801.83 2289.36 23727.64 318.74 15.46 )
)

( camera ( key 12 )
	( total 2 )
	( loop  1 )
	( target 1 2877.54 2272.99 23756.87 261.45 -6.30 )
	( target 2 2877.54 2272.99 23756.87 261.45 -6.30 )
)

( camera ( key 13 )
	( total 2 )
	( loop  1 )
	( target 1 2763.61 2279.91 23779.97 146.28 -4.01 )
	( target 2 2763.61 2279.91 23779.97 146.28 -4.01 )
)

( camera ( key 14 )
	( total 7 )
	( loop  6 )
	( target 1 4879.88 3386.02 20452.60 37.24 44.11 )
	( target 2 4771.13 3278.81 20817.22 77.92 44.11 )
	( target 3 4974.84 3172.43 21358.13 120.89 41.25 )
	( target 3 5469.04 3026.81 21485.93 191.94 32.65 )
	( target 2 5673.62 2883.56 21275.64 236.63 16.04 )
	( target 2 5587.10 2818.47 21200.21 245.22 -1.71 )
	( target 2 5587.10 2818.47 21200.21 245.22 -1.71 )
)

( camera ( key 15 )
	( total 2 )
	( loop  1 )
	( target 1 5492.41 2840.22 21154.73 196.52 14.89 )
	( target 2 5492.41 2840.22 21154.73 196.52 14.89 )
)

( camera ( key 16 )
	( total 2 )
	( loop  1 )
	( target 1 5485.45 2837.81 21084.45 356.56 9.16 )
	( target 2 5485.45 2837.81 21084.45 356.56 9.16 )
)

( camera ( key 17 )
	( total 2 )
	( loop  1 )
	( target 1 5426.35 2836.65 21284.65 160.61 1.71 )
	( target 2 5426.35 2836.65 21284.65 160.61 1.71 )
)

( camera ( key 18 )
	( total 2 )
	( loop  1 )
	( target 1 -4182.81 1615.71 -2714.66 123.75 5.15 )
	( target 2 -4182.81 1615.71 -2714.66 123.75 5.15 )
)

( camera ( key 19 )
	( total 3 )
	( loop  1 )
	( target 1 5657.34 1977.15 -19819.36 262.39 3.05 )
	( target 4 5656.59 1980.03 -19814.35 258.38 0.76 )
	( target 4 5657.34 1977.15 -19819.36 262.39 3.05 )
)

( camera ( key 20 )
	( total 2 )
	( loop  1 )
	( target 1 6177.22 1982.60 -18904.54 46.78 -0.95 )
	( target 2 6177.22 1982.60 -18904.54 46.78 -0.95 )
)

( camera ( key 21 )
	( total 2 )
	( loop  1 )
	( target 1 6618.17 1991.53 -18672.76 70.27 -14.13 )
	( target 2 6618.17 1991.53 -18672.76 70.27 -14.13 )
)

( camera ( key 22 )
	( total 2 )
	( loop  1 )
	( target 1 11110.66 2042.40 -30166.56 76.20 0.00 )
	( target 2 11110.66 2042.40 -30166.56 76.20 0.00 )
)

( camera ( key 23 )
	( total 2 )
	( loop  1 )
	( target 1 6604.24 1990.40 -18634.36 92.81 -8.02 )
	( target 2 6604.24 1990.40 -18634.36 92.81 -8.02 )
)

( camera ( key 24 )
	;( total 8 )
;	( loop  1 )
	;( target 2 24629.14 2600.55 88888.46 30 31.0 )
	;( target 2 24629.14 2600.55 88888.46 40 31.0 )
	;( target 2 24629.14 2600.55 88888.46 60 31.0 )
	;( target 2 24629.14 2600.55 88888.46 80 31.0)
	;( target 2 24629.14 2600.55 88888.46 100 31.0 )
	;( target 2 24629.14 2600.55 88888.46 120 31.0 )
	;( target 2 24629.14 2600.55 88888.46 140 31.0 )
	;( target 2 24629.14 2600.55 88888.46 160 31.0 )

( total 10 )
	( target 2 24630 2500 88890 0 30 )
	( target 2 24630 2530 88890 20 30 )
	( target 2 24630 2560 88890 40 30 )
	( target 2 24630 2590 88890 60 30)
	( target 2 24630 2620 88890 80 30 )
	( target 2 24630 2650 88890 100 30 )
	( target 2 24630 2680 88890 120 30 )
	( target 2 24630 2710 88890 140 30 )
	( target 2 24630 2740 88890 160 30 )
	( target 2 24630 2770 88890 180 30 )	
)

; login view
( camera ( key 210 )
	( total 5 )
	( target 1 3441.5 2367.78 19651.03 -29.35 7.5 )
	( target 2 3286 2270 19925 0 0 )
	( target 1 3298 2286 20128 0 0 )
	( target 3 4487 3188 21036 -30 27 )
	( target 3 3440 2285 22940 0 15 )
)

( camera ( key 211 )
	( total 2 )		
	( target 0.1 239.485 3030.7 260.031 219.89781 15 )
	( target 1.2 226.656 3030.6 244.687 219.89781 15 )
)

;중앙선택
( camera ( key 212 )
	( total 2 )
	( target 0.1 207.845 3003.96 221.938 219.99997 4 )
	( target 1.8 233.561 3003.14 252.584 219.99997 10 )
)

;중앙->오른쪽(1)
( camera ( key 213 )
	( total 3 )			
	( target 0.1 207.845 3003.96 221.938 219.99997 0 )
	( target 0.5 207.845 3003.96 221.938 251.87250 0 )
	( target 0.8 150 3003.96 242.991 180.00000 0 )
)
;오른쪽(1)->중앙
( camera ( key 214 )
	( total 3 )
	( target 0.1 150 3003.96 242.991 180.00000 0 )
	( target 0.5 150 3003.96 242.991 148.12610 0 )
	( target 0.8 207.845 3003.96 221.938 219.99997 0 )
)
;오른쪽(1)선택
( camera ( key 215 )
	( total 2 )
	( target 0.1 150 3022.79 242.998 180 0 )
	( target 1.8 150 3023.14 282.997 180 10 )
)

;오른쪽(1)->오른쪽(2)
( camera ( key 216 )
	( total 3 )		
	( target 0.1 150 3003.96 242.991 180.00000 0 )
	( target 0.5 150 3003.96 242.991 221.21753 0 )
	( target 0.8 85.7259 3003.81 229.6 140.00038 0 )
)
;오른쪽(2)->오른쪽(1)
( camera ( key 217 )
	( total 3 )
	( target 0.1 85.7259 3003.81 229.6 140.00038 0 )
	( target 0.5 85.7259 3003.81 229.6 112.48228 0 )
	( target 0.8 150 3003.96 242.991 180.00000 0 )
)
;오른쪽(2)선택
( camera ( key 218 )
	( total 2 )
	( target 0.1 150 3022.79 242.998 180 0 )
	( target 1.8 150 3023.14 282.997 180 10 )
)


;중앙->왼쪽(1)
( camera ( key 219 )
	( total 3 )
	( target 0.1 207.845 3003.96 221.938 219.99997 0 )
	( target 0.5 207.845 3003.96 221.938 188.12694 0 )
	( target 0.8 238.624 3003.96 168.628 259.99945 0 )
)
;왼쪽(1)->중앙
( camera ( key 220 )
	( total 3 )
	( target 0.1 238.624 3003.96 168.628 259.99945 0 )
	( target 0.5 238.624 3003.96 168.628 300.000122 0 )
	( target 0.8 207.845 3003.96 221.938 219.99997 0 )
)
;왼쪽(1)선택
( camera ( key 221 )
	( total 2 )
	( target 0.1 238.632 3022.79 168.629 259.99945 0 )
	( target 1.8 278.022 3023.14 175.575 259.99945 10 )
)

;왼쪽(1)->왼쪽(2)
( camera ( key 222 )
	( total 3 )		
	( target 0.1 238.624 3003.96 168.628 259.99945 0 )
	( target 0.5 238.624 3003.96 168.628 218.77965 0 )
	( target 0.8 236.601 3003.81 103.004 300 0 )
)
;왼쪽(2)->왼쪽(1)
( camera ( key 223 )
	( total 3 )
	( target 0.1 236.601 3003.81 103.004 300 0 )
	( target 0.5 236.601 3003.81 103.004 340 0 )
	( target 0.8 238.624 3003.96 168.628 259.99945 0 )
)
;왼쪽(2)선택
( camera ( key 224 )
	( total 2 )
	( target 0.1 238.632 3022.79 168.629 259.99945 0 )
	( target 1.8 278.022 3023.14 175.575 259.99945 10 )
)

; 아래 부터는 따로 주석을 많이 달지 않는다.
; 카메라 키에 대한 사항을 알려면 KGameSys.cpp 소스의 View_Charsel_info 클래스에 상수를 참조하라.

;Right2
( camera ( key 226 )
	( total 2 )
	( target 0.1 207.845 3003.96 221.938 219.99997 0 )
	( target 0.8 236.601 3003.81 103.004 300 0 )
)
( camera ( key 227 )
	( total 2 )
	( target 0.1 150 3003.96 242.991 180.00000 0 )
	( target 0.8 236.601 3003.81 103.004 300 0 )
)
( camera ( key 228 )
	( total 4 )	
	( target 0.1 85.7259 3003.81 229.6 140.00038 0 )
	( target 0.3 150 3003.96 242.991 180.00000 0 )
	( target 0.5 238.624 3003.96 168.628 259.99945 0 )
	( target 0.6 236.601 3003.81 103.004 300 0 )
)

;Right1
( camera ( key 229 )
	( total 2 )
	( target 0.1 150 3003.96 242.991 180.00000 0 )
	( target 0.8 238.624 3003.96 168.628 259.99945 0 )
)
( camera ( key 230 )
	( total 3 )
	( target 0.1 85.7259 3003.81 229.6 140.00038 0 )
	( target 0.4 150 3003.96 242.991 180.00000 0 )
	( target 0.8 238.624 3003.96 168.628 259.99945 0 )	
)

;Center
( camera ( key 231 )
	( total 2 )
	( target 0.1 236.601 3003.81 103.004 300 0 )
	( target 0.8 207.845 3003.96 221.938 219.99997 0 )
)
( camera ( key 232 )
	( total 2 )
	( target 0.1 85.7259 3003.81 229.6 140.00038 0 )
	( target 0.8 207.845 3003.96 221.938 219.99997 0 )
)

;Left1
( camera ( key 233 )
	( total 2 )
	( target 0.1 238.624 3003.96 168.628 259.99945 0 )
	( target 0.8 150 3003.96 242.991 180.00000 0 )
)
( camera ( key 234 )
	( total 2 )
	( target 0.1 236.601 3003.81 103.004 300 0 )
	( target 0.8 150 3003.96 242.991 180.00000 0 )
)

;Left2
( camera ( key 235 )
	( total 2 )
	( target 0.1 207.845 3003.96 221.938 219.99997 0 )
	( target 0.8 85.7259 3003.81 229.6 140.00038 0 )
)
( camera ( key 236 )
	( total 3 )
	( target 0.1 238.624 3003.96 168.628 259.99945 0 )
	( target 0.4 207.845 3003.96 221.938 219.99997 0 )
	( target 0.8 85.7259 3003.81 229.6 140.00038 0 )
)
( camera ( key 237 )
	( total 4 )
	( target 0.1 236.601 3003.81 103.004 300 0 )
	( target 0.3 238.624 3003.96 168.628 259.99945 0 )
	( target 0.5 150 3003.96 242.991 180.00000 0 )
	( target 0.6 85.7259 3003.81 229.6 140.00038 0 )
)

;로그인
( camera ( key 225 )
	( total 2 )	
	( target 0.1 769.31 3075.25 -139.96 0.40 -6.3025355 )
	( target 1.2 762 3086 140 1.7188733 0 )
)

; login view ( 신UI ) - 카메라 애니메이션

;중앙->오른쪽(1)
( camera ( key 183 )
	( total 3 )			
	( target 0.1 217.48 3004.29 233.43 225.72953 0 )
	( target 0.5 217.48 3004.29 233.43 251.87250 0 )
	( target 0.8 150 3004.29 257.99 185.72956 0 )
)
;오른쪽(1)->중앙
( camera ( key 184 )
	( total 3 )
	( target 0.1 150 3004.29 257.99 185.72956 0 )
	( target 0.5 150 3004.29 257.99 148.12610 0 )
	( target 0.8 217.48 3004.29 233.43 225.72953 0 )
)
;오른쪽(1)->오른쪽(2)
( camera ( key 186 )
	( total 3 )		
	( target 0.1 150 3004.29 257.99 185.72956 0 )
	( target 0.5 150 3004.29 257.99 221.21753 0 )
	( target 0.8 76.09 3004.09 241.09 145.72996 0 )
)
;오른쪽(2)->오른쪽(1)
( camera ( key 187 )
	( total 3 )
	( target 0.1 76.09 3004.09 241.09 145.72996 0 )
	( target 0.5 76.09 3004.09 241.09 112.48228 0 )
	( target 0.8 150 3004.29 257.99 185.72956 0 )
)

;중앙->왼쪽(1)
( camera ( key 189 )
	( total 3 )
	( target 0.1 217.48 3004.29 233.43 225.72953 0 )
	( target 0.5 217.48 3004.29 233.43 188.12694 0 )
	( target 0.8 253.39 3004.29 171.23 265.72900 0 )
)
;왼쪽(1)->중앙
( camera ( key 190 )
	( total 3 )
	( target 0.1 253.39 3004.29 171.23 265.72900 0 )
	( target 0.5 253.39 3004.29 171.23 300.000122 0 )
	( target 0.8 217.48 3004.29 233.43 225.72953 0 )
)

;왼쪽(1)->왼쪽(2)
( camera ( key 192 )
	( total 3 )		
	( target 0.1 253.39 3004.29 171.23 265.72900 0 )
	( target 0.5 253.39 3004.29 171.23 218.77965 0 )
	( target 0.8 249.59 3004.09 95.51 305.718 0 )
)
;왼쪽(2)->왼쪽(1)
( camera ( key 193 )
	( total 3 )
	( target 0.1 249.59 3004.09 95.51 305.718 0 )
	( target 0.5 249.59 3004.09 95.51 340 0 )
	( target 0.8 253.39 3004.29 171.23 265.72900 0 )
)

; 아래 부터는 따로 주석을 많이 달지 않는다.
; 카메라 키에 대한 사항을 알려면 KGameSys.cpp 소스의 View_Charsel_info 클래스에 상수를 참조하라.

;Right2 197 Center -> Left2, 197 Right1 -> Left2, 198 Right2 -> Left2
( camera ( key 196 )
	( total 2 )
	( target 0.1 217.48 3004.29 233.43 225.72953 0 )
	( target 0.8 249.59 3004.09 95.51 305.718 0 )
)
( camera ( key 197 )
	( total 2 )
	( target 0.1 150 3004.29 257.99 185.72956 0 )
	( target 0.8 249.59 3004.09 95.51 305.718 0 )
)
( camera ( key 198 )
	( total 4 )	
	( target 0.1 76.09 3004.09 241.09 145.72996 0 )
	( target 0.3 150 3004.09 242.991 180.00000 0 )
	( target 0.5 238.624 3004.09 168.628 259.99945 0 )
	( target 0.6 249.59 3004.09 95.51 305.718 0 )
)

;Right1 199 Right1 -> Left1, 200 Right2 -> Left1
( camera ( key 199 )
	( total 2 )
	( target 0.1 150 3004.29 257.99 185.72956 0 )
	( target 0.8 253.39 3004.29 171.23 265.72900 0 )
)
( camera ( key 200 )
	( total 3 )
	( target 0.1 76.09 3004.09 241.09 145.72996 0 )
	( target 0.4 150 3003.96 242.991 180.00000 0 )
	( target 0.8 253.39 3004.29 171.23 265.72900 0 )	
)

;Center 201 Left2 -> Center, 202 Right2 -> Center
( camera ( key 201 )
	( total 2 )
	( target 0.1 236.601 3003.81 103.004 300 0 )
	( target 0.8 217.48 3004.29 233.43 225.72953 0 )
)
( camera ( key 202 )
	( total 2 )
	( target 0.1 85.7259 3003.81 229.6 140.00038 0 )
	( target 0.8 217.48 3004.29 233.43 225.72953 0 )
)

;Left1 203 Left1 -> Right1, 204 Left2 -> Right1
( camera ( key 203 )
	( total 2 )
	( target 0.1 253.39 3004.29 171.23 265.72900 0 )
	( target 0.8 150 3004.29 257.99 185.72956 0 )
)
( camera ( key 204 )
	( total 2 )
	( target 0.1 249.59 3004.09 95.51 305.718 0 )
	( target 0.8 150 3004.29 257.99 185.72956 0 )
)

;Left2 205 Center -> Right2 ,206 Left1 -> Right2, 207 Left2 -> Right2
( camera ( key 205 )
	( total 2 )
	( target 0.1 217.48 3004.29 233.43 219.99997 0 )
	( target 0.8 76.09 3004.09 241.09 145.72996 0 )
)
( camera ( key 206 )
	( total 3 )
	( target 0.1 253.39 3004.29 171.23 265.72900 0 )
	( target 0.4 207.845 3003.96 221.938 219.99997 0 )
	( target 0.8 76.09 3004.09 241.09 145.72996 0 )
)
( camera ( key 207 )
	( total 4 )
	( target 0.1 249.59 3004.09 95.51 305.718 0 )
	( target 0.3 238.624 3003.96 168.628 259.99945 0 )
	( target 0.5 150 3003.96 242.991 180.00000 0 )
	( target 0.6 76.09 3004.09 241.09 145.72996 0 )
)

; (target frametime x y z yaw pitch)
; x		: x 좌표(+ 동, - 서)
; y		: y 좌표(+ 위, - 아래) // 0 0 0 나루터 마을 폭포
; z		: z 좌표(+ 북, - 남)
; yaw	: 회전 각도(- 좌, 0 북쪽, + 우)
; pitch	: 상하 각도(- 상, + 하)

( camera ( key 25 )
	( total 3 )
;	( loop  1 )
;	( target 2 78447.16 1735.39 1333.52 5.00 -0.07 )
;	( target 1 78644.41 1721.86 2923.87 -5.00 -0.03 )
;	( target 1 78928.63 1722.47 4127.58 -20.00 -0.02 )

;	( target 1 77106.83 1703.00 6193.19 -55.00 -0.00 )
;	( target 3 78600.36 1703.00 5200.15 -55.00 -0.00 )
;	( target 5 78600.36 1703.00 5200.15 -55.00 -15.00 )

	( target 1 77106.83 1703.00 6193.19 -55.00 -0.00 )
	( target 3 77800.36 1703.00 5750.15 -55.00 -0.00 )
	( target 5 77800.36 1703.00 5750.15 -55.00 -15.00 )
)
